SLP 65535 2902: -1
IS $,POINT(-4.26104 55.8478),4779,8090,6531: 16559
US 7599 ;,POINT(-0.586548 47.504),9284,6684,1705: 0
FC Tarbes: 279
SLP 65535 4510: -1
LSC Clermont-Ferrand: 10631 10632 10633 10635 10634 10636
CL St.-Benoit: 0
SLP 65535 2454: -1
RSL 4891 362: 0
LSL 1607: 16327 16488 16493 16494 16495 16496
CL C+Ba: -1
SLP 65535 7620: -1
LSL 500: 6204 6207 6210 6213 6195 6198 6201 6202 6205 6208 6211 6196 6199 6209 6212 6194 6197 6200 6203 6206
LSL 1517:
FS Fresno: -1
LLC f&:
LLC Columbus:
LSC Mexico City: 2527 2619 2620 3032 3278 3489 688 691 690 689 692 693 694 695 696 698 697 1374 1360 1359 1358 1375 1362 1361 1376 1363 1364 1355 1365 1377 1366 1356 1357 1386 1378 1367 1368 1369 1379 1370 1371 1372 1380 1373 1387 1381 1382 1388 1383 1384 1389 1390 1391 1501 1502 1503 1504 1505 1615 1506 1616 1618 1620 1622 1623 1624 1626 1628 1630 1614 1617 1619 1621 1625 1627 1629 1631 1632 1634 1636 1637 1638 1633 1635 2413 2414 2396 2399 2397 2416 2398 2415 2417 2400 2401 2402 2418 2403 2404 2405 2419 2406 2407 2408 2420 2409 2410 2411 2412 2421 2422 2423 2424 2425 2496 2511 2497 2484 2498 2485 2507 2512 2486 2487 2499 2489 2523 2490 2491 2501 2492 2502 2493 2494 2513 2503 2504 2505 2506 2514 2510 2509 2515 2524 2516 2517 2518 2519 2488 2508 2521 2500 2522 2495 2525 2526 2567 2528 2536 2530 2531 2534 2538 2540 2542 2544 2548 2550 2546 2553 2557 2560 2562 2564 2569 2533 2555 2573 2529 2532 2586 2578 2537 2539 2541 2574 2545 2575 2547 2549 2587 2551 2543 2576 2552 2554 2556 2577 2558 2559 2561 2535 2563 2565 2588 2566 2579 2568 2570 2571 2597 2580 2589 2581 2590 2582 2583 2584 2591 2585 2598 2592 2603 2593 2594 2599 2595 2596 2609 2600 2604 2601 2602 2607 2605 2606 2608 2610 2611 2612 2613 2614 2572 2615 2616 2617 2618 2621 2622 2623 2624 2625 2647 2626 2627 2628 2648 2629 2630 2662 2631 2649 2632 2633 2634 2650 2635 2636 2637 2651 2638 2639 2640 2652 2641 2642 2643 2653 2644 2645 2646 2654 2655 2656 2657 2658 2659 2660 2661 3028 3029 3030 3031 3035 3042 3037 3041 3039 3048 3033 3044 3046 3050 3052 3054 3056 3057 3059 3061 3063 3066 3034 3060 3038 3040 1385 3036 3045 3047 3103 3049 3082 3051 3053 3095 3055 3058 3062 3084 3086 3087 3109 3089 3098 3092 3099 3105 3100 3101 3102 3110 3106 3108 3043 3111 3153 3168 3154 3155 3137 3138 3156 3139 3140 3169 3141 3157 3142 3143 3144 3158 3145 3146 3147 3159 3148 3149 3170 3150 3160 3151 3161 3152 3171 3162 3163 3164 3172 3165 3166 3167 3173 3276 3277 3281 3287 3290 3293 3284 3321 3280 3279 3282 3308 3283 3285 3286 3288 3289 3291 3292 3322 3309 3294 3295 3296 3310 3297 3298 3299 3311 3300 3301 3323 3302 3312 3303 3304 3305 3313 3306 3307 3314 3324 3315 3316 3317 3325 3318 3319 3320 3326 3327 3328 3329 3330 3482 3483 3480 3481 3484 3485 3486 3487 3488 3490 3492 3494 3491 3493 3495 3496 3497 3498 3499 3500 3501 3502 3503 3504 3505 3506 3507 3508 3509 3510 3511
LLC Charleston:
LSL 195:
SLP 65535 3861: -1
RSL 14716 31: -1
ISL 15418 1454 4: 0
ISL 8585 849 7: -1
RSL 13700 852: -1
SLP 65535 5604: -1
LSC Biarritz:
ISL 12215 1131 15: -1
ISL 1335 1570 16: -1
ISL 10066 948 55: 0
FS Mulhouse: -1
LSL 700: 11060 11061 11049 11048 11050 11051 11052
FS Odessa: -1
LLC Fresno:
LLC Leeds:
SLP 65535 672: -1
LLC Portland:
FC Klamath Falls: 182
SLP 65535 10392: -1
FS Marseilles: -1
US 10745 ^Y+t6z~,POINT(144.933 -37.7999),6235,6543,4389: 0
LSL 1589: 16278 16288 16299 16303 16304 16307 16301 16451 16453
LSC Vichy:
ISL 7332 478 0: 0
LSL 1469: 15513 15514
LSC Klamath Falls:
SLP 65535 6338: -1
FS Winnipeg: -1
ISL 4789 1493 18: -1
RSL 11991 556: -1
LLC Winnipeg: 1061 1062 1059 1057 1058 1060 1063
LLC Georgetown:
LLC Baltimore:
RS 7464: 0
RSL 15557 1472: 0
US 4786 P,POINT(-1.53212 47.2193),7786,2536,2797: 0
ISL 3140 116 0: 0
US 8166 M%|MQ,POINT(2.22247 48.8324),1490,9457,8799: 0
SLP 65535 10298: -1
LSC El Paso:
CL Grenoble: 6
IS 0e(Dmk?,POINT(140.147 36.5331),8018,9995,5966: 16560
US 7438 !6<_}0_,POINT(-118.281 34.0183),29,6174,8470: 0
FS Durban: -1
FS Juneau: -1
LSL 10: 93 92 2 3 4 5 76 77 78 91 94 1 90
LLC La Rochelle:
US 10165 8<+~,POINT(139.824 36.3436),9098,1061,5037: 0
ISL 2452 253 10: -1
SLP 65535 3094: -1
LLC Iquique:
IS  R$41z3-z,POINT(-1.59075 47.1789),1993,40,9474: 16561
SLP 65535 4266: -1
FC Vienna: 118
LSC Odessa:
RS 1370: 0
LSL 345: 6794 6790 6792 6801 6796 6804 6803 6799 6815 6813 6789 6795 6793 6791 6797 6798 6806 6800 6805 6788 6802 6834 6817 6819 6832 6825 6830 6811 6814 6831 6833 6816 6818 6828 6829
FC Tripoli: 115
FC Newcastle-on-Tyne: 89
LSL 694:
LLC Bombay:
LSC St.-Brieuc:
FS Annecy: -1
CL Tananarive: 0
LLC Bangor:
RS 10840: 0
FC Mecca: 76
FC Bombay: 22
RSL 15798 1357: -1
LSC Naples: 3127 3104 3107 3115 3113 3112 3114 3116 3117 3118 3119 3120 3121 3122 3123 3124 3125 3131 3129 3133 3135 3126 3128 3132 3130 3134 3136
LLC Clermont-Ferrand: 966
FC Seattle: 236
LSL 629: 7694 7695 7696 7697 7698 7699 7700 7701 7702 7703
US 17400 [UR{:nTC,POINT(-3.79299 55.9918),6396,6870,4903: -1
LLC Kingston:
SLP 65535 7142: -1
SLP 65535 2446: -1
LSL 1532:
LLC Reykjavik:
LSL 738:
LSC Washington: 3879 4019 4014 4022 3997 3999 4016 4017 4002 4004 4006 4013 4011 3855 3865 3857 3862 3858 3859 3863 3860 3861 3866 3874 3870 3869 3867 3868 3871 3872 3873 3864 3875 3877 3878 3916 3949 3918 3979 3880 3883 3920 3926 3893 3967 3922 3950 3924 3895 3897 3899 3928 3901 3903 3951 3929 3905 3931 3969 3911 3909 3907 3934 3913 3915 3954 3937 3938 3956 3940 3943 3881 3945 3958 3946 3960 3962 3972 3964 3965 3974 3981 3976 3983 3885 3887 3889 3891 3882 3856 3884 3955 3888 3927 3890 3961 3953 3894 3930 3896 3876 3932 3898 3900 3973 3902 3933 3904 3906 3957 3908 3935 3910 3936 3912 3914 3917 3939 3919 3921 3959 3923 3925 3941 3886 3942 3975 3944 3892 3947 3948 3952 3963 3977 3966 3968 3978 3970 3971 3986 3982 3989 3987 3991 3988 3990 3993 3992 3994 3995 3996 3980 3985 3984 4009 4015 4018 4020 4021 3998 4000 4001 4003 4005 4007 4012 4008 4010 16231 16232 16233
FS Iracoubo: -1
RS 5386: 0
FS Leeds: -1
RS 2026: 0
LLC Bismarck:
LLC Reims: 1194 1195
LSL 415: 4593 4581 4582 4583 4584 4585 4586 4587 4588 4589 4590 4591 4592
LSL 1023:
LSC Wichita:
LSL 988: 10955 10962 10958 10959 10960 10961 13721
LLC Hot Springs:
LSL 1718:
ISL 11426 1599 7: -1
LLC Duluth:
IS C:,POINT(-1.57581 47.232),8333,8744,298: 16562
SLP 65535 9394: -1
FS Santiago: -1
LSL 473:
US 8293 g,POINT(-0.622569 44.8265),1550,2187,7209: 0
RS 17045: -1
LSC Syracuse:
US 12455 "P;,{y",POINT(2.22245 48.8323),3820,5830,2876: 0
LSL 1344: 15660 15661 15662 15663 15664 15665 15666 15667 15668 15669 15670 15671 15672 14626 14627 14694 14695
SLP 65535 3475: -1
LSL 697: 11061 11062 11063 11071 11049 11048 11050 11051 11052
LSL 453: 4985 4983 4987 4666 4982 4986 4984 4980 4981 4988 4991 4993 4995 4997 4998 4990 4992 4994 4996
SLP 65535 7761: -1
FS Dzaoudzi: -1
SLP 65535 1971: -1
FC Prague: 99
LLC Rennes: 346 351 322 347 348 349 350 323
LSL 1516:
FC Brussels: 27
SLP 65535 819: -1
ISL 9152 95 12: 0
LLC Grenoble: 967 968 969 972 970 971
ISL 9922 31 10: -1
SLP 65535 3629: -1
LSL 1766:
IS QNa)+r@F,POINT(7.73094 48.5755),497,8406,2491: 16563
LSL 422: 5674 5682 5676 5668 5669 5672 5678 5680 5684 5681 5683 5667 5670 5671 5673 5675 5677 5679
ISL 13891 287 1: 0
LSL 1642:
CL Memphis: 0
LSC Liverpool:
IS v<tUB|H,POINT(9.23615 45.4505),1103,620,9649: 16564
IS "<,",POINT(-1.5177 47.2285),4712,8926,2392: 16565
US 16770 "^ 6",POINT(-2.95039 43.2621),6450,4821,1915: -1
RS 709: 0
LSC Manchester: 16473 16474
LSL 269: 3533 6638 3365 3336 3335 3401 3376 3361 3369 3364 3367 3372 3374 3368 3370 3371 3373 3375 3363 3362
RSL 15169 972: -1
LSC Santa Fe:
SLP 65535 6453: -1
RSL 14399 1310: 0
LSL 286: 6714 6723 6720 6719 6717 6718 6722 6721
LLC Salt Lake City:
LSL 654: 8212 8214 8211 8213 8215
LLC Spokane:
CL Manila: 0
LSL 1059: 11264 11258 11254 11255 11265 11266 11267 11268 11269 11270 11271 11272 11273 11328 11329 11283 11341
LLC Baltimore:
SLP 65535 6541: -1
RS 11273: 0
LLC Cordoba:
US 6426 v,POINT(139.708 35.6728),9146,5263,3871: 0
IS X<3Qiu!e POINT(16.3359 48.1855),2212,6633,9829: 16566
LSL 841: 9379 9380 9381 9382 9383 9384
SLP 65535 10359: -1
SLP 65535 4598: -1
LSL 1301: 14000 14001 14002 14004 14005 14006 14007 14008 14009 14010 14011 14012 14003
SLP 65535 7933: -1
SLP 65535 9417: -1
LSC Miami:
FS Nelson: -1
US 11100 V][F=(obz,POINT(-4.26857 55.8182),9384,1622,2478: 0
RS 14895: 0
LLC Reykjavik:
CL Vladivostok: 0
LSC Medellin:
SLP 65535 5350: -1
FC Roanoke: 224
LSC Poitier:
LSC Dallas:
FC Innsbruck: 267
FC Kingston: 61
LSC Philadelphia:
LSL 853: 9618 9619 9620 9621 9622 9537 9569 11000 12330
LLC Pittsburgh:
LSL 1492: 15753 15754
LSC Dakar:
RS 7265: 0
US 17548 ^\lps@,POINT(-0.437936 51.4039),3930,6407,299: -1
LSL 1193: 12319 12322 12323 12324 12325 12326 12327 12328 12329 12333 12338 12344 12348 12362 12363 12364 12365 12366 12367 12368 12369 12370 12371 12372 12373 12374 12375 12377 12376 12378 12379
SLP 65535 989: -1
LSC Ottawa: 8421 8422
LSC Montreal: 9897 9898 9899 8455
US 11750 rXrwD,POINT(3.92274 43.5748),4192,3220,8991: 0
SLP 65535 8326: -1
US 4505 "?,m@`;^?g:",POINT(139.546 35.3137),4456,6669,936: 0
FS Montgomery: -1
FS Charleston: -1
LLC Boise:
FC ]CKD_T/!3: -1
SLP 65535 9033: -1
ISL 13799 895 15: 0
RS 4024: -1
CL Basse-terre: 0
FS Mecca: -1
RS 5621: 0
FS Fresno: -1
LLC Vichy:
RS 12376: 0
LLC Milan: 227 225 226 229 228 245 248 246 247 230 243 241 249 244 240 242 1052 1088
SLP 65535 3117: -1
LLC Calais:
LSL 1743:
LSL 48: 1626 2413 2396 2397 2416 2398 2417 2400 2401 2402 2418 2403 2404 2405 2419 2406 2408 2420 2410 2411 2412 2421 2423 2424
US 4664 ^.i\,POINT(139.971 36.2056),1006,8749,7700: 0
FC Dallas: 152
SLP 65535 4439: -1
RSL 2657 1194: -1
CL Algiers: 0
FC Mexico City: 78
FS Caracas: -1
LSL 129: 1183 1187 1184 1191 1188 1185 1186 1189 1195 1192 1194 1193 1197 1198 1242 1243 1245 1246 1247 1248 1249 1250 1237 1238 1236 1240 1239 1535 1534 1533 1536
LSL 1597: 16391 16392 16393 16394 16395 16396 16397 16398 16399 16400 16401 16402
FC Detroit: 155
FS Reno: -1
LSC Jackson:
CL ]MDO3'+E: -1
IS .y4:Dov,POINT(-0.467214 39.2749),7463,4005,6624: 16567
FS Hot Springs: -1
IS z?,POINT(-73.7035 40.7947),1904,7884,5141: 16568
LSL 1004:
US 4912 zK|t\79L,POINT(-1.58576 47.181),4996,6769,1873: 0
CL Venice: 6
LSC Orleans: 13640 13634 13635 13636 13632 13633 13637 13638 13639
SLP 65535 10365: -1
FS "hK:'z(""F""": -1
US 7765 *LA~!2TQ,POINT(-0.565925 44.8369),1795,6432,3338: 0
LSC San Juan:
SLP 65535 5035: -1
LLC La Paz: 1536 1534 1543 1538 1541 1542 1540 1539 1537 1535 1544
RS 12610: 0
LSL 1721:
LLC Charleston:
LLC -:%.L:
LSC pk3pT):
FS Beziers: -1
ISL 8069 788 0: -1
FS Adelaide: -1
RS 11354: 0
LLC Naples: 252 253
LSC Prague: 7844 7840 7842 7838 7846 7837 7839 7841 7843 7845 7847 7849 7870 7853 7855 7857 7848 7865 7861 7863 7868 7851 7859 7852 7856 7854 7862 7850 7866 7864 7858 7867 7869 7860 7878 7836 7871 7875 7873 7880 7877 7879 7872 7876 7874 3763
LSL 1648:
LSC Naples: 3127 3104 3107 3115 3113 3112 3114 3116 3117 3118 3119 3120 3121 3122 3123 3124 3125 3131 3129 3133 3135 3126 3128 3132 3130 3134 3136
CL Fargo: 0
RS 10949: 0
LSL 331: 4220 4221 4222 4215 4231 4216 4223 4217 4218 4228 4219 4224 4227 4225 4226 4232 4229 4230 4233
US 6874 A[;a,POINT(139.737 35.6777),6615,1971,5811: 0
LSC Le Havre: 12152 12153 12154 12155 12156 12157 12164 12158 12159 12160 12165 12161 12163 12162 12175 12176 12174 12178 12177 12196 12187 12188 12189 12198 12190 12191 12192 12199 12193 12194 12195 12200 12204 12197 12201 12202 12203 12205 12206 12207 12208 12209 12210 12211 12213 12212
RS 14643: 0
SLP 65535 1451: -1
IS h%y,POINT(-4.02615 55.8579),3223,5513,7047: 16569
LSC Dubuque:
LSL 1127:
LSL 1144:
IS "z^}&""6+#",POINT(-4.25977 55.8521),3543,6686,2336: 16570
LSL 616: 7344 7345 7346 7347 7348 7349 7350 7351 7352 7353 7354 7355 7356 7357 7358 7359
CL Bogota: 16
IS lneeBR NX,POINT(116.208 39.7916),1096,2825,3559: 16571
LSC Montreal: 9897 9898 9899 8455
US 5245 vP5BYSu\~,POINT(11.5983 48.1345),9342,154,178: 0
LLC Tripoli:
LSL 1001:
CL St. John: 0
SLP 65535 4595: -1
RS 11088: 0
LSL 689:
FC Cayenne: 35
RSL 8965 447: 0
LSC San Jose:
LSC Hamburg:
CL Darwin: 0
IS {vY;^J,POINT(-71.1245 42.3522),3617,736,5386: 16572
CL Bristol: 0
IS |?M,POINT(3.91331 43.5713),4205,3177,2988: 16573
RS 14151: 0
US 126 "%<6|rQ[>`""",POINT(-0.622012 44.796),8306,1524,1193: 0
US 17266 MGhjz~,POINT(-74.1798 40.7802),4532,3289,4444: -1
SLP 65535 10200: -1
LLC Wichita:
IS -|{,POINT(-0.626546 44.8271),569,970,6606: 16574
US 13265 VM,POINT(-0.123966 51.5304),6660,6423,9105: 0
LLC St.-Benoit:
LLC Nevers:
LLC Dakar:
RSL 15591 1475: 0
LSL 1042: 11247 11246 11241 11244 11245 11242 11243 11248 11249 11250 11251
US 8437 ee-,POINT(1.39673 43.6216),1722,5355,8085: 0
RS 13241: 0
LLC London:
FC Basse-terre: 321
RS 10259: 0
LLC .rZuG`]r:
ISL 9882 1561 6: -1
LSC Kansas City:
IS :m}5,POINT(2.23014 48.8799),9313,8364,846: 16575
ISL 10349 230 14: 0
LLC Dubuque:
FS Shreveport: -1
RS 17543: -1
SLP 65535 96: -1
SLP 65535 7054: -1
LSC Birmingham:
FC Sao Paulo: 106
FC Boise: 138
SLP 65535 3341: -1
FS Tulsa: -1
RSL 3525 188: 0
FC Caracas: 34
RSL 10054 752: -1
LSC JG/P0mC:
LLC Edmonton:
LSC Vladivostok:
CL Newcastle-on-Tyne: 4
RSL 1983 185: 0
FS Buffalo: -1
LLC Nantes: 316 317 319 606 318 607 513 514 515 516 507 509 508 510 511 512 517 518 519 520 1072 1073 1074 1075 1196 1197
IS "Pf+x.7I?""i",POINT(5.09138 47.3137),4836,7153,6509: 16576
IS c?,POINT(7.28938 47.7533),4283,1800,9688: 16577
LLC Fort Worth:
SLP 65535 920: -1
SLP 65535 5090: -1
LSC Columbus:
CL Louisville: 0
CL Jakarta: 0
FS Fargo: -1
LLC Eugene:
FS Kingston: -1
SLP 65535 7922: -1
LLC Montreal: 743 744 741 742
LLC Saint-Laurent-du-Maroni:
ISL 13310 747 14: -1
CL Cherbourg: 0
CL: 1343
US 8133 &,POINT(6.01351 47.2305),1853,7373,1421: 0
LSL 738:
LSL 1585:
FS Winnipeg: -1
US 6588 :,POINT(-0.596539 44.806),6317,2935,7810: 0
LSC Barcelona: 702 655 9186 9188 9189 8363 8364 304 306 308 301 298 305 307 303 300 613 614 616 617 619 615 620 618 621 651 622 623 624 628 626 653 629 630 654 631 632 633 634 635 637 638 656 639 657 640 641 684 642 636 658 669 646 659 647 648 649 650 678 661 670 643 660 625 668 627 662 663 671 664 665 672 679 667 666 673 674 680 685 676 681 677 675 682 683 686 687 699 700 701 704 706 708 711 714 717 720 726 729 732 723 703 705 744 707 712 745 713 710 715 716 718 746 719 721 722 725 747 728 727 730 748 731 749 750 724 733 734 736 737 738 739 740 741 742 743 302 299 3437 3438 3436 3435 3434 3433 297 9190 644 645 10845 10846 10847 10848 10858
FC Cayenne: 35
LSL 281: 6687
IS bn.[ POINT(2.46166 48.8971),1378,6209,1106: 16578
LSL 946: 9900 9901 9902 9903 9904 9905 9906 9907 9924 9925 9934 9938 9939 9957 9958 9988 9977 9926 9927 9949 9950 9940 9948 9944 9947 9946 9941 9942 9951 9952 9953 9954 9959 9964 9966 9968 9976 9992 9995 9991 9990 9993 9994 9922 9923 9955 9970 9971 9975 9974 9972 9973 9965 9960 9967 9969 9963 9961 9962 9980 9986 9981 9982 9979 9984 9985 9978 9987 9983 10140
LLC Warsaw:
LSL 230: 2822 2825 2828 2831 2834 2837 2819 2829 2830 2832 2833 2820 2818 2817 10349 2835 2821 2823 2824 2836 2826 2827
US 5463 _.1f2o%,POINT(-0.339541 51.4325),552,5032,2827: 0
US 10299 KB&sW.<XP,POINT(-1.952 43.3201),5843,4018,7276: 0
FS Cleveland: -1
LSC Tarbes:
CL Columbia: 0
LSL 1010: 10940 13709 10941 13710 10994 13716 10995 10998
LLC Atlanta:
LSC Sao Paulo: 3533 6638 6643 6639 6642 6641 6640 6675 6648 6646 6670 6673 6674 6672 6687 6667 6676 6678 6692 6669 6668 6690 6693 6647 6677 6694 6671 6645 6661 6662 6656 6680 6685 6666 6682 6655 6653 6686 6683 6658 6659 6684 6660 6652 6664 6663 6665 6681 6688 6679 6689 6691 6695 6714 6715 6716 6723 6720 6719 6717 6718 3365 3230 6722 6721 6920 6921 6922 6923 6924 6925 6926 6928 6927 6930 6931 6932 6933 7032 7033 7037 7040 7043 7046 7049 7036 7034 7039 7042 7045 7048 7035 7038 7041 7044 7047 7050 3217 3353 3423 3426 3403 3408 3336 3225 3215 3226 3204 3237 3227 3257 3248 3249 3239 3216 3203 3250 3218 3242 3231 3232 3243 3233 3206 3234 3244 3235 3208 3236 3209 3251 3210 3238 3205 3256 3245 3246 3247 3263 3259 3255 3258 3260 3261 3264 3262 3265 3228 3214 3212 3240 3207 3220 3252 3254 3229 3271 3272 3274 3275 3341 3334 3332 3337 3339 3340 3345 3342 3331 3344 3346 3347 3348 3349 3350 3338 3343 3333 3335 3388 3376 3398 3389 3359 3361 3369 3401 3364 3405 3367 3380 3379 3399 3372 3392 3374 3381 3382 3383 3384 3385 3356 3368 3370 3371 3373 3375 3363 3362 3357 3358 3360 3354 3355 3400 3386 3387 3394 3396 3406 3397 3402 3410 3404 3416 3411 3412 3421 3422 3424 3425 3429 3427 3415 3419 3413 3418 3407 3428 3430 3390 3439 3440 3441 3442 3443 3444 6654 10882 10878 10883 10879 3273 3253 10885 6644 6651
SLP 65535 8124: -1
LLC Wellington:
LSC Savannah:
IS [q'1R~q,POINT(-3.99343 55.808),1489,1884,4164: 16579
RS 8747: 0
LSC Newark:
LLC Melbourne: 691 700 697 699 692 702 687 703 710 714 715 716 721 720 719 718 717 704 705 706 707 708 709 711 712 713 723 724 725 722 726
ISL 8516 563 11: -1
LSC Pittsburgh:
SLP 65535 8422: -1
FC Aix-en-Provence: 277
RS 9459: 0
SLP 65535 1220: -1
LSC Havre:
LSC San Jose:
LLC Denver:
FS Portland: -1
FS Annecy: -1
SLP 65535 6517: -1
CL Grand Junction: 0
CL Johannesburg: 0
LSC Dieppe:
FS Cape Town: -1
LLC Milwaukee:
LSC Milwaukee:
SLP 65535 9871: -1
LSL 369: 5064 7948 5086 7947 5084 5081 5083 5062 5070
CL: 1343
FC Montevideo: 80
ISL 12902 974 6: 0
LSL 1456: 15503 15504
CL Le Mans: 2
LLC Helena:
IS A?,POINT(11.5633 48.1609),6406,2882,3250: 16580
US 637 vFN(Q}0c,POINT(144.964 -37.7406),245,9721,8133: 0
LSL 1006: 10911 10906 10907 10910 10908 10909 10904
SLP 65535 5279: -1
US 2189 P3(`n1=W,POINT(-0.36383 51.3352),5341,9402,9036: 0
FS New Delhi: -1
LSL 1078:
IS B,POINT(11.5848 48.1324),4505,1413,7211: 16581
LSL 1450: 15367 15368 15369 15370 15371 15817 15818 15819 15820 15821
LLC Reykjavik:
CL San Francisco: 9
LLC Helsinki:
ISL 5502 1292 9: -1
LSC Nashville:
US 14351 @25b+,POINT(-4.06702 55.8523),3249,2853,8595: 0
SLP 65535 7221: -1
FS Hot Springs: -1
FS Montreal: -1
IS H)Ib`:Sj1,POINT(139.879 36.4967),2425,6914,9142: 16582
RSL 789 516: -1
FC Graz: 263
LSL 367: 7774 7778 7780 7808 7782 7784 7786 7788 7803 7790 7800 7802 7806 7804 7776 7775 7777 7781 7779 7783 7785 7789 7809 7801 7787 7807 7805 5722 5721 5718 5723 5725 5727 5729 5731 5735 5738 5739 5741 5767 5743 5745 5747 5769 5726 5749 5728 5730 5732 5751 5753 5771 5755 5757 5759 5763 5750 5740 5742 5752 5754 5756 5758 5774 5746 5748 5762 5764 5766 5768 5770 5776
LSC Cordoba:
SLP 65535 3813: -1
LSL 107: 4553 4555 4557 4559 4561 4554 4556 4558 4560 4562
LSC Bismarck:
SLP 65535 4116: -1
IS P% p>j=Kh},POINT(19.0872 47.521),4800,8710,3340: 16583
LLC Besancon: 1210 1211
US 9628 C,POINT(135.523 34.6758),1076,5260,5378: 0
LLC Warsaw:
US 8314 jxaU,POINT(1.08201 49.4314),50,3808,8589: 0
RSL 8220 662: 0
LLC El Paso:
LSC Key West:
LSL 381: 5712
SLP 65535 7830: -1
US 6692 ^2y#ypaO$,POINT(7.73555 48.542),2344,2265,7147: 0
SLP 65535 9188: -1
US 13509 -#,POINT(-0.05443 51.5202),1153,2705,8752: 0
CL Zaragoza: 2
SLP 65535 10189: -1
SLP 65535 10294: -1
LSC cN'wSN=y:
ISL 853 973 17: -1
LSL 1008:
LLC Dijon: 1188 1189
RSL 638 1270: -1
SLP 65535 3384: -1
LLC Aberdeen:
FC Toulon: 298
LSL 825: 9312 9313 9314 9315 9310 9311 9316
RSL 15509 1470: 0
US 6835 e,POINT(-4.14584 55.8373),1381,2214,3650: 0
US 1574 "FO~LdnFkZ,",POINT(-0.0755974 51.5386),1458,2700,8800: 0
LSC Vichy:
US 11742 YZ]pV\OUn],POINT(136.088 34.9156),6255,7639,5539: 0
LSL 284: 6692 6690 6693 6691
ISL 10716 398 0: -1
LLC Nome:
LSL 542: 6484 6487 6489 6490 6491 6483 6485 6486 6488 6492 6493 6514 6494 6495 6496 6497 6498 6499 6500 6501 6502 6511 6512 6513
FS Guayaquil: -1
LLC San Antonio:
IS V,POINT(0.689141 47.3894),4994,1036,5665: 16584
LSC Bilbao: 3589 3646 3653 3590 3598 3601 3603 3605 3593 3594 3595 3596 3597 3599 3600 3592 3591 3602 3604 3606 3607 3622 3608 3609 3610 3623 3624 3628 3627 3630 3626 3635 3636 3637 3638 3640 3641 3642 3643 3633 3644 3645
LSC Madrid: 521 545 561 309 324 311 319 313 317 315 316 322 326 328 330 332 334 335 333 337 314 340 342 318 325 331 320 327 321 339 310 312 323 336 329 345 338 341 343 346 344 347 348 349 350 351 352 355 353 356 562 354 563 565 359 566 363 567 364 357 568 569 570 571 572 382 390 392 360 381 393 394 377 358 380 376 361 395 362 372 378 379 398 418 369 371 368 366 399 367 420 417 410 400 370 374 416 411 388 401 387 375 386 415 385 430 384 383 414 402 391 397 396 403 437 409 404 408 405 406 407 373 413 412 365 439 419 433 421 436 422 564 438 429 434 431 428 427 426 432 435 425 424 442 445 389 448 423 573 574 447 576 577 581 584 444 440 471 472 443 470 441 469 468 467 449 446 466 464 483 502 465 460 474 454 453 473 513 452 451 482 512 500 475 480 456 481 457 476 458 511 459 455 499 450 477 510 498 489 488 508 479 497 487 478 503 486 494 506 490 484 495 485 462 491 492 504 493 496 501 505 463 507 461 509 514 515 516 517 518 519 520 523 522 525 526 575 529 578 531 582 536 585 538 540 542 524 550 527 579 528 551 530 580 552 583 533 553 532 586 534 554 535 555 537 539 556 541 557 543 544 558 546 559 547 548 560 549 587 588 589 598 609 599 592 605 591 600 593 594 595 601 596 597 602 606 603 604 607 610 608 612 611
CL Louisville: 0
LSC z@:
FS Miami: -1
LSC Asuncion:
LSL 638: 7946 7940 7941 7942 7943 7944 7945
LSL 706:
LSL 1328: 14295 14296 14297 14298 14299 14282
LSL 99: 382 381 394 380 395 398 399 410 400 374 411 388 401 387 386 385 384 383 402 397 396 403 409 404 408 405 406 407 413 412 389
LSL 1155:
FS Idaho Falls: -1
US 7059 GE?q?FE:f,POINT(-79.2519 43.7749),2090,3150,1972: -1
SLP 65535 2084: -1
LSC San Sebastian: 6467 6474 6469 6478 6471 6476 6480 6482 6475 6472 6468 6477 6481 6470 6516 6519 6503 6504 6522 6505 6507 6524 6508 6528 6523 6525 6517 6515 6506 6518 6509 6520 6526 6521 6527
CL Kourou: 0
LSL 862:
LSC Le Havre: 12152 12153 12154 12155 12156 12157 12164 12158 12159 12160 12165 12161 12163 12162 12175 12176 12174 12178 12177 12196 12187 12188 12189 12198 12190 12191 12192 12199 12193 12194 12195 12200 12204 12197 12201 12202 12203 12205 12206 12207 12208 12209 12210 12211 12213 12212
ISL 6715 1434 4: -1
US 3092 mk$QkJ,POINT(-4.19173 55.8548),771,8147,9295: 0
FC Wellington: 121
ISL 3327 82 19: 0
US 11991 hngoB1,POINT(-1.54884 47.2071),1790,324,8209: 0
SLP 65535 710: -1
SLP 65535 4270: -1
LLC Newark:
SLP 65535 3413: -1
SLP 65535 5600: -1
LSC Mecca:
SLP 65535 4933: -1
LSC Aberdeen:
ISL 15994 283 19: -1
RSL 13256 1253: 0
US 8643 I?9:3f,POINT(11.5842 48.1197),9661,2179,5411: 0
SLP 65535 2075: -1
LSC Hammerfest:
LSL 1546:
SLP 65535 2475: -1
IS "gp\~lkk6,",POINT(-4.04164 55.8927),2303,1523,585: 16585
SLP 65535 2413: -1
SLP 65535 8572: -1
LSL 1363: 15149 15150 15151
LLC t:
US 7679 Q(YBeU,POINT(5.08198 47.315),113,8019,7023: 0
RSL 12465 1201: 0
SLP 65535 9690: -1
CL Melbourne: 31
SLP 65535 7003: -1
ISL 13993 1500 0: 0
US 10938 wQp]',POINT(3.05088 50.6916),8463,3827,2543: 0
